0.568803421	1.4	2.1418	5.8	1.355127486	2.57
0.371473081	1.2	2.5898	5.1	0.857760799	3.08
1.134133802	1.5	0.1572	5.3	0.709222831	3.58
1.673506204	1.5	0.7628	5.6	-0.851672997	3.99
1.688131496	1.7	2.6535	5.1	-0.285510544	3.93
1.250674873	1.6	-0.1519	5.2	-0.214669134	3.7
1.482796444	1.4	0.5307	5.5	0.926922858	2.94
1.113848851	1.2	-1.0069	6.3	-0.070997518	2.3
0.918730207	1.9	0.8177	6.8	0.495927336	2
0.89533186	1.9	2.0619	7.0	0.77437909	1.73
1.233125246	1.9	1.9293	6.8	0.559442019	1.68
1.377448316	1.9	2.356	6.2	0.902470547	2.4
2.362377675	2.3	2.3712	5.6	0.620050213	2.46
0.567420696	1.9	1.2249	5.5	0.684465369	2.61
0.943916115	1.7	1.1592	5.6	-0.0682361	2.85
1.255099869	1.9	0.5578	5.5	0.544589501	2.92
0.917910072	2.5	1.5387	5.8	1.013179893	2.97
0.770251871	2.4	1.4337	5.7	0.936461693	2.96
0.810284656	2.4	2.0566	5.5	0.993714702	3.33
3.018882254	2.3	1.527	5.6	0.983937095	3.45
1.21352452	2.5	2.5097	5.5	0.650620382	3.46
1.066503221	2.5	1.4215	5.2	0.646414662	3.49
1.594442013	2.5	1.7452	5.0	1.661380066	3.46
1.953705232	2.5	0.7577	5.0	1.259462492	3.58
1.984613225	2.5	2.9317	4.9	0.748133165	3.97
1.733524181	2.6	1.7667	4.7	0.619197025	4.08
1.465607582	2.7	2.3862	4.4	1.166015052	4.07
2.556940389	2.7	3.0287	4.1	1.753900417	4.17
2.580269951	2.6	3.0695	3.9	1.723668232	4.56
3.40813212	3.9	1.1737	3.8	1.113401481	4.91
4.09839651	4.8	1.6784	3.8	-0.350263055	5.41
3.672232982	4.4	1.725	3.7	0.29197101	5.56
1.823550918	3.9	1.3418	3.8	0.986372952	4.82
2.120196927	4.3	0.5487	3.8	1.376168507	3.99
3.90524429	4.7	1.7719	3.8	2.196652673	3.89
4.408946868	5.1	1.8584	3.9	1.602686971	4.17
4.342422605	4.8	3.1287	3.7	1.307208157	4.79
4.167947559	4.5	2.7245	3.6	1.716780362	5.98
3.926055056	5.1	1.6673	3.5	1.948968722	5.94
5.585955487	3.9	1.8217	3.4	2.116208004	5.92
4.152102224	4.5	2.6041	3.4	1.771749712	6.57
5.121529232	5.5	1.5695	3.4	0.79960446	8.33
5.675817674	5.5	2.0483	3.6	0.44698361	8.98
5.138672067	4.1	0.8197	3.6	0.838889696	8.94
5.62582964	5.5	1.2466	4.2	1.02665287	8.57
5.514808503	6.1	1.5609	4.8	0.77519768	7.88
3.138559802	4.3	1.6702	5.2	1.294671644	6.7
5.106798375	5.4	0.2092	5.8	1.79419355	5.57
5.998749101	5.2	4.2223	5.9	1.624542573	3.86
5.203608309	4.7	1.8675	5.9	2.095748686	4.56
4.002691415	3.5	1.7982	6.0	1.743060891	5.47
3.207516848	4	1.074	5.9	0.926136719	4.75
6.14136152	4.2	3.3059	5.8	1.913101825	3.54
2.363911869	3	2.9393	5.7	1.623273576	4.3
3.849219645	3.9	1.9153	5.6	2.096512847	4.74
5.23291367	3.9	2.942	5.4	2.418646286	5.14
4.698508671	6.8	3.7003	4.9	1.965172526	6.54
6.156084644	6.1	2.6899	4.9	1.184380209	7.82
7.715816304	7.6	1.3902	4.8	1.131719396	10.56
7.846400067	6.4	2.9125	4.8	1.272428966	10
7.614060776	10	1.0214	5.1	1.634085382	9.32
9.437435079	9.4	2.6133	5.2	0.937917211	11.25
11.65935964	9.3	1.9277	5.6	0.855182754	12.09
11.7916621	10.7	2.5503	6.6	1.214366349	9.35
9.164854692	6.8	1.0634	8.3	0.619874364	6.3
5.915080062	3.4	2.243	8.9	1.515180502	5.42
7.379249346	7.8	3.5139	8.5	1.844678062	6.16
7.01351262	7.2	3.0509	8.3	0.665618152	5.41
4.317502235	5.8	3.3281	7.7	1.455831605	4.83
4.237315662	5.8	1.8065	7.6	1.705943794	5.2
5.3940502	6.2	1.8398	7.7	1.009769603	5.28
7.165166522	5.7	2.5148	7.8	1.759381482	4.87
6.681925174	8.4	2.8252	7.5	2.373709238	4.66
5.665771422	7.6	3.3829	7.1	1.941190628	5.16
4.84905868	7.3	2.9871	6.9	1.563509023	5.82
8.669570639	6.8	2.1453	6.7	1.935841678	6.51
5.819476653	7.4	1.7982	6.3	2.107876899	6.76
7.297118311	8.3	5.6799	6.0	2.443094285	7.28
6.59698483	8.9	2.6249	6.0	1.701064515	8.1
8.351155796	8.6	3.4016	5.9	1.560094044	9.58
7.08540095	10.4	1.9389	5.9	1.397451473	10.07
9.74838163	11.7	2.5293	5.7	2.737647017	10.18
8.569507452	11	2.8601	5.9	2.163834926	10.95
7.982833802	11	2.2704	6.0	0.71099707	13.58
8.321042799	12.6	2.4038	6.3	1.82012305	15.05
8.86429623	10.2	0.1431	7.3	-0.568476983	12.69
9.036996059	9.4	2.0751	7.7	3.413474553	9.84
10.93180894	10.2	4.5653	7.4	2.497965916	15.85
10.0200373	8.5	4.5628	7.4	1.3585847	16.57
7.496518018	8.6	1.0724	7.4	2.569123223	17.78
7.017388205	8	2.9613	7.4	0.25800413	17.58
7.231784433	7.9	0.5556	8.2	1.210724917	13.59
5.394437663	6.2	-0.3072	8.8	2.355740727	14.23
4.814626031	5.2	1.743	9.4	1.056783303	14.51
5.653396673	5.8	1.0284	9.9	1.112111106	11.01
4.315743256	5.3	1.1569	10.7	3.946739465	9.29
3.238141477	4.1	2.0468	10.4	2.871411777	8.65
2.912311376	4.5	2.9493	10.1	3.072156976	8.8
4.052986772	4.8	2.968	9.4	2.238825556	9.46
2.930768847	5.1	2.7767	8.5	1.709443336	9.43
5.047278145	4.9	3.1835	7.9	1.680711832	9.69
3.410356132	5.3	2.5644	7.4	1.746031403	10.56
3.201808494	4.4	1.7686	7.4	0.815574493	11.39
2.548413378	5	1.4482	7.3	1.083275075	9.27
4.414482187	4.4	2.0415	7.2	2.666824708	8.48
2.263929253	4.8	1.4109	7.3	2.372069402	7.92
1.642606128	4.1	1.9588	7.2	3.464214673	7.9
2.609069924	4.7	1.4084	7.0	2.827803139	8.1
2.028961941	3.6	1.4642	7.0	2.16137446	7.83
2.107923947	3.5	0.9267	7.2	3.834885746	6.92
2.267950711	3.7	1.5279	7.0	4.150971867	6.21
2.67698892	3.8	1.1511	6.8	4.25411994	6.27
3.714198318	3.9	1.4813	6.6	3.236618376	6.22
2.275311918	4.3	1.6262	6.3	1.721026285	6.65
3.130636007	4.3	1.6464	6.0	0.120845936	6.84
3.045287872	4	2.4588	5.8	1.067815806	6.92
3.270584643	4.2	1.3324	5.7	0.714383247	6.66
3.742202848	5	2.2123	5.5	1.841624568	7.16
4.491178986	5.5	1.637	5.5	1.298636058	7.98
3.019328195	5.2	2.0821	5.3	0.280648226	8.47
4.507056961	5.2	2.0601	5.2	-0.101962792	9.44
3.91541042	5.3	1.7256	5.2	-1.064044396	9.73
2.619682766	4.7	1.4436	5.2	0.4500747	9.08
2.636770099	4.6	0.8781	5.4	1.236866262	8.61
4.80063437	5.1	2.2393	5.3	1.159141112	8.25
4.621486317	4.6	1.5523	5.3	1.009543067	8.24
3.661327482	5.5	0.9135	5.7	1.097624635	8.16
3.20234208	5.6	-0.0787	6.1	0.842753079	7.74
4.27532675	4.6	0.5833	6.6	1.280984284	6.43
2.837559601	4.4	1.3815	6.8	1.985442381	5.86
3.099837808	3.8	1.1954	6.9	1.923696745	5.64
2.314507924	4.2	0.9698	7.1	2.452361279	4.82
2.032699081	3.1	1.599	7.4	4.041176954	4.02
2.462321642	3.6	1.6739	7.6	2.72205524	3.77
1.853777118	3.9	1.49	7.6	2.63966277	3.26
2.265058783	3.7	1.613	7.4	4.000935673	3.04
2.391366207	4.3	0.7808	7.1	1.893663224	3.04
2.203070088	4.4	1.1878	7.1	2.737284058	3
1.839412587	4.6	0.9857	6.8	2.911386788	3.06
2.191117748	3.7	1.859	6.6	2.52652616	2.99
2.09345138	3.8	1.4931	6.6	1.222119355	3.21
1.901890376	4.1	1.8338	6.2	0.623000304	3.94
2.372201232	4.5	1.2345	6.0	0.679978211	4.49
2.055510654	4.1	1.619	5.6	-0.034758429	5.17
2.286936817	4.1	0.8175	5.5	-0.1739736	5.81
1.768094731	4	0.6561	5.7	-0.209168631	6.02
1.877719058	3.9	1.306	5.7	-0.165902679	5.8
2.02470321	3.5	1.2004	5.6	-0.99241143	5.72
2.304922521	3.9	1.2608	5.5	-1.020190707	5.36
1.530875904	4.5	2.0962	5.5	-0.232101515	5.24
1.265663935	4.2	1.1815	5.3	-1.404037105	5.31
2.204126325	4	1.6374	5.3	-1.801685756	5.28
2.576797571	3.8	1.4109	5.2	-0.564528823	5.28
0.929472018	3.6	1.7035	5.0	-1.195047366	5.52
1.394891152	3.4	1.5953	4.9	0.431115944	5.53
1.474703815	3.3	1.1327	4.7	0.018702076	5.51
0.671941328	2.8	1.1095	4.6	0.633798375	5.52
0.956624137	3	1.133	4.4	0.102149798	5.5
1.528655348	2.8	1.6939	4.5	-0.046418791	5.53
1.206637416	2.7	2.0174	4.4	1.392433397	4.86
1.777687874	3	1.3325	4.3	0.502398864	4.73
1.405408101	3.1	1.1304	4.3	0.363802129	4.75
1.487855325	3.1	1.6348	4.2	-0.318254417	5.09
1.409042036	3.5	2.1313	4.1	1.266985274	5.31
3.171631802	3.6	1.054	4.0	0.098871969	5.68
2.022152726	3.5	2.4377	3.9	-0.49534032	6.27
2.403276216	3.6	0.6851	4.0	-0.606748522	6.52
2.098353707	3.8	1.1148	3.9	-0.711033078	6.47
2.70528772	3.4	0.3479	4.2	0.874402146	5.59
2.709173703	3.9	1.331	4.4	1.58347888	4.33
1.259788067	3.1	0.0379	4.8	3.869530376	3.5
1.229527161	1.5	0.6567	5.5	0.761370717	2.13
1.413668745	2.6	1.2036	5.7	1.572705113	1.73
1.787274116	3.1	0.9782	5.8	-0.201545248	1.75
1.727358268	2.8	0.9369	5.7	0.352438059	1.74
2.293037042	2.7	0.6074	5.9	1.471776452	1.44
2.784866186	3.2	1.113	5.9	1.929267719	1.25
1.161413726	2.6	1.1343	6.1	2.471038526	1.25
2.219487815	2.8	2.1872	6.1	2.125744315	1.02
2.034314871	3	1.4089	5.8	0.593656576	1
3.465298029	3.1	1.5223	5.7	1.381754111	1
3.36089185	4	1.4816	5.6	1.235699871	1.01
2.888457223	3.3	1.4634	5.4	1.220616524	1.43
2.974021894	3.4	1.5595	5.4	1.395747333	1.95
3.669489248	3.6	1.9432	5.3	-0.036481705	2.47
2.667847014	3.9	1.1118	5.1	-0.241113623	2.94
4.08618076	4.3	1.8123	5.0	0.503485321	3.46
3.346569878	4.6	1.3484	5.0	0.123658863	3.98
2.9622917	3.7	1.9952	4.7	0.399028353	4.46
3.484849093	4.5	1.2759	4.6	-0.094172197	4.91
3.003807567	4	0.7652	4.6	-0.844255379	5.25
1.777695197	3.5	1.1208	4.4	0.073062033	5.25
4.558040598	3.6	1.2749	4.5	-0.073062033	5.26
2.716132208	4.2	1.5742	4.5	0.430296401	5.25
1.336151155	4.1	1.0632	4.7	-0.116507695	5.07
1.893064341	4.1	0.895	4.8	0.17471068	4.5
2.360306827	4.2	0.1451	5.0	0.652459905	3.18
2.63464798	6.4	0.9871	5.3	0.770203556	2.09
3.163758538	5.4	-0.1416	6.0	2.366722811	1.94
0.505351112	3	-2.2012	6.9	6.938495148	0.51
1.523171275	2.4	-1.3441	8.3	3.138521269	0.18
-0.448677952	3.4	-0.2854	9.3	2.907798304	0.18
0.233521252	3.1	0.4781	9.6	2.021254737	0.16
1.038247221	3.1	1.1918	9.9	1.483635733	0.12
1.507030802	3.5	1.3432	9.8	0.969160168	0.13
1.573587498	3.7	1.3213	9.6	0.557137177	0.19
1.308409855	3.2	0.9473	9.5	1.934497949	0.19
1.752246967	3.6	1.0184	9.6	3.925821868	0.19
2.692362492	4.6	0.7616	9.0	3.591448952	0.16
2.554151178	4.9	0.9705	9.0	2.490801881	0.09
2.530917791	4.4	1.0819	9.1	7.544904588	0.08
0.845937142	3.9	0.9398	8.7	3.592408226	0.07
2.000651233	3.7	0.964	8.3	3.162391107	0.1